41429
17511
11494
2186
366
1228
13997
13017
2596
1223
2175
24796
3484
507
32870
26468
16113
23861
29411
26437
140
18054
44457
39727
1326
8451
1065
23407
724
13440
26066
107
17555
1689
72
13950
25985
3110
824
27289
113
23771
741
800
21399
32177
66
1
46143
20645
11540
3012
5985
29216
1018
36759
500
32651
491
3490
440
17221
16156
9753
315
94
19312
23408
30998
12378
18978
21268
19024
18634
43857
100
8770
26684
108
104
14607
829
11131
20255
7908
1173
25604
34007
27164
42436
22934
19216
28922
6192
765
17449
11806
5869
13757
792
14076
626
29178
13070
6297
767
938
436
28346
948
8316
2419
569
1096
9083
22770
571
92
22150
466
19750
134
11125
10560
511
28265
2551
32938
7054
7221
1040
12514
39472
13305
835
38535
510
71
32296
17118
11493
603
259
32034
32375
12495
32205
3485
64
16237
366
11948
6639
6544
2436
16533
8993
38139
17525
894
629
2044
3706
9236
7166
18007
13224
20309
37518
43012
670
21085
1215
385
1126
9023
814
8046
12647
26900
676
36778
796
32613
24
2601
494
7536
27252
36828
1779
2178
1090
47
5922
33337
16642
63
40972
978
7771
2552
2666
7334
20255
38139
5833
386
91
14389
135
2836
17855
10470
12597
5846
26221
17528
741
2779
26768
17709
33863
511
7676
58
74
87
2436
63
18332
936
11495
35730
41572
1026
65
12933
45780
1923
585
35659
4822
3114
697
11188
885
1099
7224
1453
18154
20051
8795
2592
2381
10376
25446
4044
9418
13764
18456
960
26221
8825
2553
16623
12415
105
20748
5835
82
478
32704
1977
13158
48
71
21394
22185
17212
14124
1084
37
856
580
18551
12455
31607
23572
60
73
41924
17701
19218
18007
26768
19267
8729
1860
6476
43762
21893
4344
9569
4004
19360
14208
28338
11233
22474
14816
27701
7258
1103
26386
1295
956
19881
33139
68
32177
27614
33782
17453
11807
2715
17314
5645
31915
1709
17276
12553
23485
32520
36828
2378
26219
961
7444
4412
13126
5217
10199
9228
4028
10472
11075
45011
1905
1495
1284
12029
1449
25494
19361
28062
21937
5900
94
26645
635
567
1533
1690
18105
82
38350
1700
6236
46235
13164
348
23077
840
36803
707
7677
321
4285
20469
1183
130
8773
5792
24874
15893
5265
176
6625
5111
11287
3220
10034
7855
1192
2198
4330
33727
21045
1564
11294
9448
1134
885
91
17613
509
81
40
5841
83
17462
37
17457
37725
45687
26285
12512
342
590
11131
28424
431
9084
13078
7684
3891
26706
24223
2627
18626
6174
5218
2167
12314
2782
4777
2232
2071
32019
10679
14235
34505
1260
2417
19428
974
7084
431
26560
79
324
730
23
16722
17457
11943
11672
1619
1392
833
7441
588
592
91
1535
102
121
9252
1501
2295
14015
2850
46568
10534
18654
184
6666
17901
3191
4107
2025
15483
35865
2580
35750
16830
3381
1570
6476
1531
42534
7671
21351
29174
26772
20
11047
17871
16946
6192
415
2660
19350
1293
38670
7107
17545
8911
11054
3078
2273
10836
7975
10261
1518
3089
2211
8158
2332
29801
6560
7508
8022
2224
8461
3074
14170
6009
125
106
88
115
83
1064
5842
7949
43
77
26147
48
46059
9834
2189
9051
21314
17866
34058
22821
18732
4982
34586
5090
39741
5684
8153
1740
35133
19824
2278
22048
28174
42599
24848
17329
6860
2145
14494
4162
4224
1202
3705
981
87
672
46188
42
78
22180
2053
17819
1165
12456
1403
96
5788
19519
8185
1495
1574
7457
2010
9283
19059
41447
10708
18131
1661
18221
19958
17009
14061
1876
26584
1811
5469
15438
14808
1420
5166
137
1055
91
37877
69
90
45780
43
68
775
17362
24021
2950
33061
22997
6772
4067
28515
36357
20505
13979
2680
16062
20366
40568
21188
19956
2515
30616
16217
9564
30264
2861
8593
2266
1576
36083
6009
43784
2613
107
397
19399
22604
82
13718
11669
18064
1391
12403
7764
21373
20309
24139
9886
12200
1947
8626
8369
1901
21597
5259
23895
39374
2280
33091
5117
2026
4910
23294
14099
2622
2294
8262
2069
3607
9452
21680
829
589
42116
85
20
2882
36
2483
291
6544
7145
7820
21678
1716
3916
3101
8390
1576
5456
7660
2904
11737
2972
2972
2849
25928
22535
18714
1965
13385
19562
18300
25527
2410
4540
34223
31189
6009
12521
4197
36778
2191
78
28503
37845
11807
6084
40
42733
45425
4399
7684
3576
16874
5742
4584
2332
8609
13568
7789
1818
16792
18173
7974
6811
5634
10300
2095
46608
2278
2222
7519
9097
1869
1201
1340
6629
146
118
1135
89
82
423
22459
22411
600
2049
1229
7816
18730
14677
1193
31884
13685
13101
2334
13616
1897
16022
15674
18749
6264
40764
7512
18223
5223
42013
10394
31386
14105
3334
29403
10850
12721
3127
124
18808
903
3484
37885
37250
20782
446
720
7165
4399
24285
4072
4853
13051
3267
1969
8254
23004
35287
3852
5304
37085
22911
11599
32891
36000
24002
31052
18757
8153
17948
41580
2848
1878
2143
27311
2871
137
978
27797
75
40016
42974
21885
4871
751
22649
10471
29665
3478
6731
16801
23172
2158
32810
25057
16698
43959
203
22904
22975
22912
13287
18614
18308
19998
18304
18448
2281
17944
8289
40916
15403
14047
138
22819
87
106
74
1919
16866
17452
6833
2609
23242
8845
14816
4026
4021
7402
1875
2927
2927
6223
46843
20065
41851
22972
24629
32458
17937
22856
44181
46693
11278
10492
45477
2856
13136
2151
35502
2813
1750
4386
141
26684
509
3496
23
11307
18108
3297
14031
11188
891
24799
12305
31325
2810
16670
2697
18584
18525
14559
202
17838
32411
17838
213
22958
32597
5355
2686
20231
6410
18358
18346
42216
5687
23727
2963
2871
4463
27031
84
21359
38268
22411
2829
44
12495
16431
102
24478
20968
6906
12296
30339
14009
3773
8419
13512
15674
187
20978
203
37098
37098
208
23012
36948
13649
13825
27877
2803
19939
11682
1654
32406
10306
42332
2166
2169
136
27561
736
13168
37167
17350
6136
542
739
22650
37257
3961
9660
4302
2349
10977
18827
7792
18389
3852
2853
13143
47078
216
216
22959
37185
22905
21110
42256
11277
2280
18128
8553
5176
2973
6164
4909
2681
1942
6521
8172
27753
42969
38692
24420
10784
39847
18727
714
1558
12789
18250
28948
11687
2738
7411
5119
10927
1805
18483
13044
208
41768
212
211
41676
22916
6105
25375
20484
33278
5430
18221
7974
14010
6173
4687
46934
7425
28577
100
2479
37931
42736
11760
5241
293
11192
7727
17774
4005
3222
4126
8067
10836
25228
32682
2342
41583
22971
216
217
37097
213
37137
44219
37746
20635
1741
3090
5150
30908
30501
7003
15804
31580
2361
742
13171
24274
43216
11496
13537
7625
16431
19750
3284
4469
4599
4889
5684
5324
1966
2803
44331
24036
15715
17838
41456
211
37145
13651
23550
5408
2570
18171
10261
7419
25976
5068
8600
30023
5951
28804
127
17626
17466
25
22229
27
17259
12845
19350
22062
19965
38766
31597
8948
2566
21606
13918
5996
23848
1732
23265
24629
22960
37097
47233
25223
13044
42259
19759
18885
5881
10622
17637
21338
7972
2751
2446
2359
126
466
12615
37167
12327
17457
11855
494
29266
41362
19305
1416
8684
15075
2223
42266
43780
4828
25017
1580
17736
23462
13192
37045
47233
37995
37038
1592
2976
47162
8471
12001
33050
2973
7972
1819
9881
4515
12154
132
21932
1708
6699
6334
16944
10527
1007
637
20999
13634
21404
1190
2442
9861
9303
30736
5093
21647
23379
37541
22912
207
212
41635
41678
47157
17840
23461
40325
23458
19911
16258
8245
16064
15625
46616
2016
1364
9578
96
106
933
7028
18063
17409
12127
1850
12602
281
2257
47220
31899
8593
26121
13521
20493
2800
20313
5717
32596
22910
41594
47348
37094
17839
23014
23222
6159
44423
11278
20416
46732
17798
19422
8476
1902
3505
135
107
91
1696
26974
47253
11760
16991
923
23529
43032
7959
38292
28437
2680
2340
20164
5404
11315
23024
13331
17842
37138
41678
22971
37907
4189
2800
39452
18128
20543
2454
2343
18480
4589
3522
9487
19539
42967
17513
21839
12226
23859
17821
42152
9156
9281
1346
10691
39521
9256
42134
7000
18170
21111
17988
22970
32411
47349
17842
23386
47429
23144
11275
7419
10491
5380
26042
15664
7470
13293
15373
152
8083
75
8039
12085
42871
36216
292
61
8221
39230
4164
17830
15750
38117
5796
2627
12189
11599
2796
23059
201
22811
37951
37904
13649
2796
23458
5667
5718
37791
10623
8423
1815
23640
20235
30386
3831
151
126
2305
376
36617
12276
12224
36380
329
3185
11246
3953
12056
21858
16757
18436
17985
15998
2914
13043
6157
23015
17837
23055
22906
210
22964
6053
17688
1660
6361
10491
20676
23807
7420
20497
19824
35567
2758
129
76
1149
52
5804
37
17396
11718
24190
12884
19441
8407
4453
5422
1575
8591
2462
44674
18129
3038
18616
4189
11324
13331
22970
25181
22970
44012
40196
1672
11956
6711
2802
39497
37551
5038
42094
5687
2348
1444
114
28926
32657
11404
43345
11895
11761
5647
22690
33153
4002
31186
31977
9628
5328
5093
5202
5885
47532
42137
23756
17937
206
22958
23139
5355
18790
46885
2798
18089
5326
18356
10884
10444
5570
10349
19422
25191
158
18457
1987
33470
785
45652
42614
13214
44928
13546
4002
12479
4371
2672
2147
6072
11117
2740
44596
23259
40040
5356
23629
23959
4676
6208
18271
23888
18126
6159
10492
26003
26003
24002
10800
1814
2025
3276
39814
34444
3487
24275
38397
24420
10998
21842
39688
3348
39363
3021
4525
2230
25080
35921
2913
45027
44381
6053
23259
13424
6155
13558
1668
18081
36000
23226
45289
21238
6803
10492
30925
5152
28760
23728
120
170
46865
49
10527
37647
38065
22184
34057
37300
4028
13894
4211
15142
13726
3565
43411
44217
11322
37580
18835
23558
32720
32634
11419
18623
5615
21147
18710
40764
2281
1883
23808
44988
15625
1896
5772
175
114
3121
11895
43126
6030
40095
58
17879
8848
19464
1497
28842
9877
13786
2153
6102
20771
47654
23216
18087
37590
18135
11465
2978
9258
5202
20897
47530
37956
11171
20407
2860
5122
4818
2333
4167
159
35
5439
22232
40255
2829
72
27401
1409
7823
1905
3287
2072
2144
33087
38245
41582
25764
46568
20374
2858
37959
5667
20763
36432
21153
32884
20935
11167
6362
7513
5622
4886
4447
9810
153
9181
12750
496
17125
36755
45042
14280
13764
1331
12520
21941
6856
4261
13770
20531
6205
37791
20543
25230
2519
8553
8378
21647
20858
39452
16376
5461
5463
41542
1593
12191
15076
13252
31907
2327
148
95
156
116
18245
3627
451
11404
2774
1484
5785
7729
9657
5727
13320
3222
8549
5530
2232
28286
42669
16105
2145
10761
38974
5620
18041
25819
2916
2799
5463
47651
1668
23059
13522
35177
6179
3607
4215
10074
8697
3381
96
124
158
46
3640
7266
2249
36306
76
20739
45545
1411
16675
3477
18115
3415
2588
32671
12953
1357
13086
13205
4382
25259
26663
35287
1588
18044
10923
39840
18036
41462
5771
6915
8322
1265
1828
10605
3021
9427
1641
5836
172
55
9334
78
18330
1088
55
1998
3347
31857
1265
4084
39433
22336
34215
31810
1280
7872
13886
6915
10689
33612
28354
35281
4169
2274
8245
21155
41805
36903
5109
4224
1177
471
26348
20968
6255
1434
9946
3538
12880
172
72
4744
19530
1071
620
93
38654
1490
24446
5892
25448
29113
4026
8775
9506
13438
10551
4172
25833
12808
4003
45124
14291
3020
5559
5352
1654
5663
47073
17736
10372
4503
16805
7137
1187
1642
32957
4893
2623
24227
4181
87
168
65
6016
19428
735
834
7544
9453
11037
12789
1119
8742
46441
16574
4510
3391
14037
6577
4499
4302
9391
11030
4518
1185
11035
14360
29498
28446
5042
5201
25265
13196
11703
14767
22149
138
685
82
57
11033
5898
19645
22342
14116
111
25148
12370
4018
1037
17825
8230
26566
1448
17543
5785
4518
1112
1116
1642
35339
19815
4753
31931
126
112
1219
7106
979
44275
39747
9311
10289
3140
2402
1808
6104
9138
8787
124
103
1049
74
595
45
18333
61
4783
155
121
12440
134
9830
5007
122
42
20018
7314
7224
9394
7912
9657
1528
1334
1828
21278
26820
4084
48118
6328
118
46175
28424
49
7167
28882
8452
94
1037
5833
27077
19543
2209
1880
21818
4128
40921
83
119
9296
7428
33552
101
173
110
13647
168
14421
24696
46780
2330
89
38
33805
46363
7492
965
18602
10461
33614
5891
1371
21215
31082
1133
800
24609
21799
49
37
12849
10370
9021
104
18544
5850
13440
8846
43476
5213
11162
15898
7293
124
109
89
150
186
7250
12433
428
13558
204
30243
10513
120
5578
3380
7077
33602
10459
1050
19254
5780
7281
1493
25496
1499
7255
8895
11086
102
45906
19073
4410
12490
46669
46454
113
1879
35072
6100
19839
14415
8894
29669
11303
1504
6260
9138
2994
3473
3281
112
27179
5883
200
42592
21107
24620
4764
4028
3916
3223
163
134
771
13503
21452
5837
11088
8848
32535
11338
9664
3949
11243
825
104
24688
15596
148
2381
11126
123
42768
1278
19668
1285
127
1348
173
13886
1338
4360
1969
193
204
9162
38383
3381
3415
3893
23169
1354
4106
3605
11890
4815
12182
29384
167
103
497
8729
122
5837
1486
4019
7729
4062
40391
36121
4468
21680
123
27211
44161
15434
1524
6432
1964
3831
136
3961
1411
4414
168
4505
10063
31824
184
13602
4899
1443
3954
1445
1865
1570
3393
7398
6416
2008
34160
3029
4161
166
85
37329
4096
20266
40591
47821
25364
2197
21141
3224
15374
4151
24512
1188
12314
10153
160
1662
8033
3605
3412
3413
1416
5743
10287
8817
10697
7405
37134
6162
2755
3960
2233
1646
2002
33844
181
7304
190
15479
11551
1351
4980
929
54
6581
131
16533
1486
24206
18248
37573
13129
13180
3505
1938
4026
3538
9445
1642
1503
6150
4151
1116
42088
8927
2588
26742
26414
7638
1431
24452
4725
2788
3405
34738
32954
33536
11463
45215
27004
5456
9973
165
112
41474
48388
5834
8316
13764
10472
1411
22030
7502
30125
35932
4468
13485
40909
35642
29819
20220
35642
4632
14693
3250
3440
4200
1969
192
24782
21514
168
9555
6478
28631
3654
6157
201
12242
8192
22532
161
32222
277
29057
3994
100
8793
22474
18202
12669
2198
5425
1524
30824
2815
24078
15140
7638
3976
1341
1499
4330
1422
5456
8779
6619
3224
4880
3796
209
194
13868
172
5724
3609
7402
2560
38074
10585
25064
10979
39388
66
1089
55
121
157
131
12358
22065
10376
3408
3348
7231
24965
8214
16796
7455
24220
48448
9911
1501
31709
3976
13594
39158
4981
5578
33001
3400
13237
18388
182
28804
30093
1578
20761
20681
25924
8297
44163
2147
149
6545
3066
101
4003
41356
19218
3874
17774
34983
13366
7504
20931
22704
1870
7246
12817
37238
3895
9688
2335
12255
1678
3976
2266
3799
2284
199
212
13697
1654
3665
7638
33446
2911
6155
1745
5382
18963
2452
137
459
379
162
125
143
971
7387
9395
48472
7227
1194
1940
6680
34539
4892
4367
5800
9769
27960
10122
1798
8031
6473
3505
9429
2389
194
24630
10234
178
5724
3023
2899
8151
21241
6611
8069
3761
4588
124
26719
53
9070
144
18410
3714
9394
8843
4518
40520
31337
4157
1577
23950
3157
17056
25175
15486
2220
29996
12827
17242
35281
9845
196
24570
30657
181
19676
10821
4351
19952
8068
6805
2994
1727
108
1076
49
4107
4407
11139
8316
964
5898
3389
10689
8818
21857
24965
1577
13277
1878
30069
8250
28445
10588
2105
39822
22204
6671
8630
188
212
203
25307
42762
4346
11093
4501
2512
3149
6613
2807
1441
90
13449
49
4114
160
138
27797
7387
8825
7681
14499
1336
7122
3188
6567
48011
5211
4540
3083
5631
8507
6826
6561
5126
48686
2786
4756
165
183
37185
6506
9067
29259
5423
2331
5517
17782
6811
10048
1902
71
43670
17044
7293
167
1687
466
22472
22472
17774
1367
5732
32916
5004
15270
28479
6570
5527
13481
8058
2292
16845
25259
4414
2074
26306
2012
180
41765
9137
2983
170
1938
28284
5631
1513
1747
13787
8116
148
36834
924
6019
180
115
7165
25151
473
11297
11037
3439
11706
4385
3223
4305
29934
8442
15921
2448
31983
28949
32233
9678
6375
24864
23836
13381
2281
25565
3943
19861
1437
44621
13912
10011
175
126
922
378
50
8729
3265
132
652
22065
5782
8794
17925
48474
39163
36043
27311
12726
2140
2409
48424
10059
29792
4242
4193
21297
4392
2146
2027
197
210
11165
1665
14885
26460
6970
4968
38074
2637
2464
2452
108
25487
1228
9235
9336
128
7954
21845
17580
17726
1491
11705
8830
43567
30898
11702
39171
2681
7833
27881
2104
3074
24602
14368
2963
8369
8207
191
210
200
47506
4011
17846
2638
15506
10217
25327
166
79
41439
6936
2713
5442
7273
22150
27890
46036
1331
4410
1937
18991
2071
3191
13767
17182
13418
36434
24955
13056
4208
16675
1938
10200
4998
3650
24684
47238
11024
18876
2514
7511
7881
2021
7309
150
32428
23161
38057
12039
29
69
25985
8583
5781
11088
3322
1415
32275
26441
38913
4154
7979
34306
13150
13618
2106
6079
17339
4441
12097
2147
5315
15457
44378
2685
3208
9406
10967
1817
3145
20364
14347
6172
131
442
23079
3011
11260
26
13808
723
22997
22472
26298
4002
24297
36854
19132
6418
2924
9695
25065
10145
3074
3476
7778
15352
36281
18164
3034
5462
47123
7699
179
40530
20635
20125
10400
10300
103
378
38105
56
22455
38
22325
27577
17860
12361
26564
9453
12719
3976
7734
4967
26660
10271
4310
13462
3918
3197
43833
14787
36350
2442
9839
12284
44808
1734
45365
2923
30078
13825
20631
32888
30616
81
497
576
2431
36176
29
41
7812
2256
7956
38805
7390
18381
13082
10499
19773
3027
20756
3460
1429
19898
1677
9104
6232
28001
2070
15628
26751
48282
44595
15794
10151
178
18226
23185
35050
12242
3206
30591
292
277
613
5864
12279
28
84
7383
27797
7198
8794
1565
20968
24658
13057
10052
7457
30030
44326
1956
3337
11890
1252
12314
2003
1194
34697
29765
186
37185
5565
5326
38604
7189
18393
10666
25546
2577
141
1847
515
3118
786
16902
29
28580
1218
35516
18054
14211
1786
28550
12948
45130
25368
4392
23785
4191
11610
7425
5910
29055
1192
1424
1792
1435
182
47158
10839
5093
12242
13884
18613
25861
19896
9096
187
122
350
376
7038
16817
6845
67
26686
29343
33346
7198
8881
45047
42630
15099
1354
41249
2986
10175
10326
26658
168
3805
21230
9702
9021
3531
4967
7418
19389
35706
1750
3903
11012
17326
45520
19558
94
37329
13538
7044
6531
5597
31
51
100
22875
11188
1039
12421
39568
18906
7291
48558
32756
28877
31279
8233
3032
176
19342
112
12521
3386
1039
9157
1115
6455
1656
22971
5163
33752
15090
2856
47656
42094
3773
1552
917
42316
9752
2600
5286
22009
99
32515
81
2553
5781
7776
7495
9660
29909
1198
9812
8465
2733
3044
7923
2085
3831
119
9202
7725
41319
97
22424
132
156
17587
32763
29587
41110
170
2799
5942
15998
2981
11815
187
156
31152
3484
441
6795
784
2881
43740
99
7488
7442
5849
42087
10379
38341
12723
28400
34638
11517
2267
37461
2155
37594
38200
21047
1286
35487
98
5896
35071
14453
142
1331
6917
14570
18043
18084
18263
5610
125
1988
267
441
49048
21923
17118
82
42434
32108
5837
19266
20143
4510
33400
11460
14963
34383
4711
4351
48089
20241
13790
20463
31869
12627
145
46477
1570
2069
34939
9569
18249
158
5795
21559
18570
6506
1587
93
13849
2609
521
2609
22055
1165
20645
73
2708
55
42074
18188
725
9418
31147
45199
16928
1793
1971
11521
14052
23151
22445
1824
1269
4098
28709
17198
6730
16012
1561
1493
20578
5278
19895
39496
10216
158
15282
498
16554
2609
682
27422
765
62
27448
1616
976
20051
25038
10517
7393
13035
7503
26786
9314
9820
25301
6271
5016
1522
10692
2352
1729
17284
14812
1118
12572
5423
17100
20205
20674
3091
3034
124
271
3486
38018
377
17118
846
5084
33
60
7278
7626
42074
19749
33531
1332
11338
3250
14284
4534
10864
46726
2587
23192
3150
9738
5488
23314
3272
5176
172
4080
47929
2331
35646
2633
45479
11115
1820
24647
1775
23857
26720
17819
10785
5700
29
57
1132
99
700
20255
7910
21413
19360
24095
12014
1649
1940
3198
2012
7708
11918
10326
30296
26258
21772
29061
43663
1882
17640
10244
28724
15724
26138
10302
18800
48537
1474
28029
36792
38145
16943
17125
30
45982
9339
7322
29293
7491
9336
11344
18249
33370
32836
31675
38116
2264
2077
41160
2966
2701
1897
29768
5854
1812
5941
23189
10884
1810
47419
3273
13136
1804
116
2949
30863
689
25357
45533
21970
12937
90
20051
96
18373
8859
2257
9395
1332
26651
33508
26744
16932
2901
2871
4605
6715
11697
3772
29328
6219
28533
1949
3654
35258
5275
15703
20631
9070
5226
15171
75
12891
328
7034
7437
687
11721
38065
453
848
43857
31035
38706
26560
744
22472
17629
26300
1340
18560
30764
4592
1200
4599
10863
3725
31689
2230
33037
2524
7245
9015
5586
11771
18305
11166
25507
6901
1881
117
22645
6348
447
1234
57
10785
25
22499
11538
17771
12360
95
28069
73
12437
21448
19220
1492
7173
18382
7291
11069
5126
11397
12197
4272
9788
15374
12263
14659
27829
3084
2565
2517
24826
2980
2912
35927
3147
164
71
1548
15454
1078
667
56
12038
682
2058
36415
77
645
21847
1222
18239
2256
2726
41324
48456
7122
36239
30157
46741
14823
18675
45544
5898
966
1039
20557
21173
2196
15307
12899
3393
3204
15840
1658
35501
1885
114
22733
2947
42042
28029
11762
36178
17365
76
978
7259
98
34310
400
23408
10367
6676
31106
1191
40834
3190
1870
153
39309
19607
957
86
7858
338
27512
958
7492
40592
24784
5832
631
1211
9157
122
139
34905
2281
39212
149
3627
2604
771
17082
278
1148
17409
49675
5597
30750
19253
7258
109
1380
13016
79
1108
26819
12808
16391
1422
27871
4073
1523
6016
13936
5785
8317
3776
8362
21848
3342
19884
811
19253
1131
27753
13156
8318
2324
156
5508
19871
2344
92
47179
263
495
1921
3485
1086
16637
20911
14
70
7543
961
107
29373
7953
40427
39643
9568
27260
32445
1192
11887
48571
8740
12429
14633
8795
8797
22434
2299
1367
7081
6476
1048
3345
7545
11034
6779
171
5883
30733
183
11756
494
843
1848
503
6696
447
22543
5646
25
15
29422
27775
7492
23082
18282
12378
887
37852
1332
20960
7128
1501
9877
2901
10937
31060
3384
9169
17629
10605
37756
36121
2472
22027
31932
8006
29390
31427
1956
25643
68
35
22418
36976
22733
6244
16942
36577
30
21
9
66
26513
11082
116
2593
9174
428
78
1097
5848
3874
4028
8876
2069
39012
6454
3526
18185
20965
5785
24446
45199
9661
16388
6382
31899
5473
4926
20410
10510
14972
43466
6788
5134
3175
48936
5864
21797
16
16
70
1055
11183
46136
32249
9268
677
982
5848
34112
10472
45124
10937
10605
40182
5489
8082
4355
21215
22381
7394
22338
40442
9688
4502
2072
45096
34512
2033
119
51
5647
843
15613
270
1470
455
459
35656
17395
41349
21
74
11188
26193
19266
113
7626
3559
308
7908
1210
18686
5784
38955
27406
10504
1649
31966
15196
3875
15881
2195
24963
10204
2385
1354
1750
31348
12957
4528
128
33646
40457
35618
12845
13216
262
5496
12326
38187
8
33
18895
19254
1175
18006
101
7104
32038
16430
7771
7219
2725
7226
13894
22027
32750
14164
38256
3465
29112
11344
8978
1124
24339
28778
20876
2966
35502
1878
2267
137
72
5927
10657
5759
16413
15578
3621
27624
10571
31998
23
6
54
2365
744
24150
11233
110
37838
34043
17524
26645
510
17549
16536
24446
47925
17386
1416
31656
5422
24763
9556
2261
4449
6967
27960
6069
16968
2165
169
73
13164
1548
45849
6589
16409
13216
5135
1075
37930
22277
16
7632
2494
1174
883
119
27701
40745
7090
593
588
945
17527
887
5966
11033
1255
1787
46081
32010
23331
2589
39317
3054
11841
35787
2396
35214
8941
169
50
22
12559
49923
40497
610
40007
22327
2482
21
23
7
39
14606
510
1174
12362
14356
813
312
652
17859
635
18281
27797
19265
1560
25039
9596
1642
3478
3606
12629
1347
2965
2965
20639
4838
2339
2515
10694
4193
171
17116
27142
1153
4973
5927
5243
5296
5645
38397
22551
11
54
44968
1246
49487
8847
5785
113
43942
32331
7541
7053
96
19789
5836
3876
1252
9657
37341
38213
7825
12016
10720
10747
7795
1808
5253
1518
2096
14026
2326
168
21304
32
40453
15952
2602
529
15911
5135
5079
12276
37885
16
29
720
589
12411
26391
17975
12164
112
341
1477
44699
5839
1684
956
17651
25604
8881
15932
29186
27870
4437
11686
3044
5046
19558
18922
1656
10110
4296
32838
34
16
1469
11943
919
36027
5346
41616
271
18108
17133
44
27252
16431
33565
25533
28274
20923
21267
1616
22062
591
1607
1376
709
22108
1183
4518
19121
3953
1906
40911
1273
2414
21947
4740
10440
1805
1362
11413
35861
143
22413
11624
17085
3120
12173
5983
15692
2370
17454
46549
23
56
7770
12409
26247
9338
8276
12370
7729
26474
46711
34310
429
11138
7819
27346
88
7387
3874
17975
42810
28945
12903
47642
1356
25813
5741
9303
5622
2354
18560
4219
170
113
31958
17453
5645
11403
11624
16679
6639
36026
6201
18108
14
36
2833
9267
91
1211
26325
22197
19930
129
112
13257
41231
49640
823
103
2537
1535
46873
1251
18425
1180
29180
13128
1576
4578
2968
38118
1440
3029
1751
23579
153
83
12
38485
21394
41127
22504
6031
41128
42615
43
24274
43512
46
21714
32038
22150
8182
21893
8003
47982
20793
13577
19568
23529
383
27164
32559
22469
7166
26735
19839
21461
4085
3355
36570
2331
2530
1892
18137
3659
144
24756
166
124
57
11
42442
12038
24231
11721
37208
50085
39974
5595
40742
22233
52
73
27113
12666
18334
9467
1332
6328
1182
966
19694
23530
32394
39190
22872
642
17974
3662
11079
9453
45469
19762
4808
11456
1656
15895
16424
18953
145
92
31801
21
38065
32
51
17119
17216
37414
1547
22546
3012
17453
12
18110
672
710
26988
1132
18512
8881
11389
48274
29241
37796
12697
27764
718
45828
107
32562
731
50358
10459
18425
1563
24392
25118
15754
27004
4162
8808
28782
38343
33
14
22
11761
1619
10162
10387
11759
37337
36023
42
43264
11950
17607
1019
12381
12411
1038
44633
1368
1490
1179
2592
5829
27561
625
739
7771
10515
942
18634
26776
19266
7682
23781
1718
14048
4551
1272
31736
39165
15102
29042
61
26
12
42974
35801
1985
5749
17445
936
16276
2123
12227
17
46
1060
3706
563
12356
8316
40277
8724
26174
11031
22520
27447
27754
406
27295
12357
103
36779
11139
29660
3347
1255
31596
4151
3607
20653
16306
5743
39610
3626
50
19
7027
11451
2657
6737
36749
11403
2488
2181
47290
21973
12516
17524
826
12716
12360
40437
1368
22027
298
9169
13440
3386
8993
825
12649
834
8046
20215
19846
9339
5902
8136
9465
7390
24209
9128
4477
2900
37402
19835
63
42
18
22
12227
21920
2949
3369
12653
41423
11448
27143
